MLP Curve Statistics Ś sampled at intervals of 5
============================================================

TRAINING LOSS CURVE (every 5 iterations)
========================================
 Iteration        Loss
------------------------
         1    1.072288
         6    0.830330
        11    0.750471
        16    0.688460
        21    0.647031
        26    0.593197
        31    0.557427
        36    0.535949
        41    0.510761
        46    0.495959
        51    0.486291
        56    0.477292
        61    0.461856
        66    0.474356
        71    0.460214
        76    0.449214
        81    0.439403
        86    0.433440
        91    0.429529
        96    0.428429
       101    0.418034
       106    0.414211
       111    0.422814
       116    0.417955
       121    0.402308
       126    0.399451
       131    0.397136
       136    0.391238
       141    0.390098
       146    0.405463
       148    0.392443

PRECISION-CONFIDENCE CURVE (threshold step 0.05)
================================================
 Threshold   ATTENTIVE      SLEEPY  DISTRACTED
----------------------------------------------
      0.04      0.4739      0.6771      0.4548
      0.05      0.4784      0.6802      0.4604
      0.05      0.4865      0.6959      0.4778
      0.10      0.5385      0.7268      0.5434
      0.10      0.5426      0.7304      0.5538
      0.15      0.5714      0.7668      0.6018
      0.15      0.5785      0.7708      0.6099
      0.20      0.5913      0.8258      0.6701
      0.20      0.5965      0.8249      0.6701
      0.25      0.6368      0.8480      0.7207
      0.25      0.6398      0.8480      0.7288
      0.30      0.6802      0.8606      0.7750
      0.30      0.6802      0.8659      0.7750
      0.31      0.6802      0.8659      0.7799
      0.34      0.7000      0.8712      0.8054
      0.35      0.7037      0.8712      0.8054
      0.35      0.7021      0.8765      0.8041
      0.39      0.7088      0.8861      0.8112
      0.40      0.7127      0.8910      0.8169
      0.40      0.7111      0.8910      0.8227
      0.45      0.7381      0.8903      0.8409
      0.45      0.7365      0.8903      0.8397
      0.50      0.7610      0.8954      0.8548
      0.50      0.7658      0.8954      0.8525
      0.55      0.7778      0.9122      0.8707
      0.55      0.7815      0.9122      0.8696
      0.60      0.8028      0.9167      0.8846
      0.60      0.8028      0.9167      0.8846
      0.61      0.8028      0.9167      0.8846
      0.65      0.8296      0.9225      0.8800
      0.65      0.8296      0.9225      0.8878
      0.66      0.8284      0.9220      0.8878
      0.69      0.8760      0.9185      0.8936
      0.70      0.8750      0.9173      0.8936
      0.70      0.8750      0.9167      0.9032
      0.75      0.8991      0.9297      0.9048
      0.75      0.8962      0.9365      0.9048
      0.80      0.9032      0.9496      0.8987
      0.80      0.9111      0.9496      0.9091
      0.85      0.9130      0.9554      0.9565
      0.85      0.9104      0.9545      0.9559
      0.90      0.9362      0.9677      0.9508
      0.90      0.9362      0.9677      0.9492
      0.95      1.0000      0.9865      0.9565
      0.95      1.0000      0.9857      0.9556
      0.96      1.0000      0.9855      0.9524

RECALL-CONFIDENCE CURVE (threshold step 0.05)
=============================================
 Threshold   ATTENTIVE      SLEEPY  DISTRACTED
----------------------------------------------
      0.04      0.9667      1.0000      1.0000
      0.05      0.9600      1.0000      1.0000
      0.05      0.9600      1.0000      1.0000
      0.10      0.9333      0.9868      0.9536
      0.10      0.9333      0.9868      0.9536
      0.15      0.9333      0.9801      0.9007
      0.15      0.9333      0.9801      0.9007
      0.20      0.9067      0.9735      0.8742
      0.20      0.9067      0.9669      0.8742
      0.25      0.9000      0.9603      0.8543
      0.25      0.9000      0.9603      0.8543
      0.30      0.8933      0.9404      0.8212
      0.30      0.8933      0.9404      0.8212
      0.31      0.8933      0.9404      0.8212
      0.34      0.8867      0.9404      0.7947
      0.35      0.8867      0.9404      0.7947
      0.35      0.8800      0.9404      0.7881
      0.39      0.8600      0.9272      0.7682
      0.40      0.8600      0.9205      0.7682
      0.40      0.8533      0.9205      0.7682
      0.45      0.8267      0.9139      0.7351
      0.45      0.8200      0.9139      0.7285
      0.50      0.8067      0.9073      0.7020
      0.50      0.8067      0.9073      0.6887
      0.55      0.7933      0.8940      0.6689
      0.55      0.7867      0.8940      0.6623
      0.60      0.7600      0.8742      0.6093
      0.60      0.7600      0.8742      0.6093
      0.61      0.7600      0.8742      0.6093
      0.65      0.7467      0.8675      0.5828
      0.65      0.7467      0.8675      0.5762
      0.66      0.7400      0.8609      0.5762
      0.69      0.7067      0.8212      0.5563
      0.70      0.7000      0.8079      0.5563
      0.70      0.7000      0.8013      0.5563
      0.75      0.6533      0.7881      0.5033
      0.75      0.6333      0.7815      0.5033
      0.80      0.5600      0.7483      0.4702
      0.80      0.5467      0.7483      0.4636
      0.85      0.4200      0.7086      0.4371
      0.85      0.4067      0.6954      0.4305
      0.90      0.2933      0.5960      0.3841
      0.90      0.2933      0.5960      0.3709
      0.95      0.0733      0.4834      0.2914
      0.95      0.0267      0.4570      0.2848
      0.96      0.0267      0.4503      0.2649

F1-CONFIDENCE CURVE (threshold step 0.05)
=========================================
 Threshold   ATTENTIVE      SLEEPY  DISTRACTED
----------------------------------------------
      0.04      0.6360      0.8075      0.6253
      0.05      0.6386      0.8097      0.6305
      0.05      0.6457      0.8207      0.6467
      0.10      0.6829      0.8371      0.6923
      0.10      0.6863      0.8394      0.7007
      0.15      0.7089      0.8605      0.7215
      0.15      0.7143      0.8630      0.7273
      0.20      0.7158      0.8936      0.7586
      0.20      0.7196      0.8902      0.7586
      0.25      0.7459      0.9006      0.7818
      0.25      0.7479      0.9006      0.7866
      0.30      0.7723      0.8987      0.7974
      0.30      0.7723      0.9016      0.7974
      0.31      0.7723      0.9016      0.8000
      0.34      0.7824      0.9045      0.8000
      0.35      0.7847      0.9045      0.8000
      0.35      0.7811      0.9073      0.7960
      0.39      0.7771      0.9061      0.7891
      0.40      0.7795      0.9055      0.7918
      0.40      0.7758      0.9055      0.7945
      0.45      0.7799      0.9020      0.7845
      0.45      0.7760      0.9020      0.7801
      0.50      0.7832      0.9013      0.7709
      0.50      0.7857      0.9013      0.7619
      0.55      0.7855      0.9030      0.7566
      0.55      0.7841      0.9030      0.7519
      0.60      0.7808      0.8949      0.7216
      0.60      0.7808      0.8949      0.7216
      0.61      0.7808      0.8949      0.7216
      0.65      0.7860      0.8942      0.7012
      0.65      0.7860      0.8942      0.6988
      0.66      0.7817      0.8904      0.6988
      0.69      0.7823      0.8671      0.6857
      0.70      0.7778      0.8592      0.6857
      0.70      0.7778      0.8551      0.6885
      0.75      0.7568      0.8530      0.6468
      0.75      0.7422      0.8520      0.6468
      0.80      0.6914      0.8370      0.6174
      0.80      0.6833      0.8370      0.6140
      0.85      0.5753      0.8137      0.6000
      0.85      0.5622      0.8046      0.5936
      0.90      0.4467      0.7377      0.5472
      0.90      0.4467      0.7377      0.5333
      0.95      0.1366      0.6489      0.4467
      0.95      0.0519      0.6244      0.4388
      0.96      0.0519      0.6182      0.4145

PRECISION-RECALL CURVE (recall step ~0.05)
==========================================
  Recall ATTENTIVE P    SLEEPY PDISTRACTED P
--------------------------------------------
    0.00      1.0000      1.0000      1.0000
    0.05      1.0000      1.0000      1.0000
    0.10      1.0000      1.0000      0.9375
    0.15      0.9583      0.9565      0.9583
    0.20      0.9677      0.9677      0.9677
    0.25      0.9737      0.9744      0.9500
    0.30      0.9375      0.9783      0.9574
    0.35      0.9123      0.9815      0.9464
    0.40      0.9091      0.9836      0.9524
    0.45      0.9189      0.9855      0.9189
    0.50      0.9146      0.9870      0.9048
    0.55      0.9022      0.9765      0.9121
    0.60      0.9000      0.9681      0.8835
    0.65      0.8991      0.9703      0.8750
    0.70      0.8750      0.9550      0.8548
    0.75      0.8014      0.9496      0.8248
    0.80      0.7643      0.9167      0.7908
    0.85      0.7095      0.9209      0.7273
    0.90      0.6109      0.9007      0.6018
    0.95      0.5108      0.8563      0.5586
    1.00      0.3319      0.3341      0.3341

Average Precision (AP) per class:
  ATTENTIVE   : 0.8636
  SLEEPY      : 0.9551
  DISTRACTED  : 0.8649
