MLP Curve Statistics — MLP_V2 — sampled at intervals of 5
============================================================

TRAINING LOSS CURVE (every 5 iterations)
========================================
 Iteration        Loss
------------------------
         1    1.039789
         6    0.836832
        11    0.802512
        16    0.748992
        21    0.691828
        26    0.643963
        31    0.609105
        36    0.571650
        41    0.559298
        46    0.518912
        51    0.517601
        56    0.490277
        61    0.470833
        66    0.461584
        71    0.453227
        76    0.455525
        81    0.451857
        86    0.430223
        91    0.428139
        96    0.410404
       101    0.426199
       106    0.433308
       111    0.405148
       116    0.393449
       121    0.385828
       126    0.384664
       131    0.394407
       136    0.389313
       141    0.411321
       146    0.388782
       151    0.367493
       156    0.359134
       161    0.370151
       166    0.358631
       171    0.355196
       176    0.363693
       181    0.336750
       186    0.325228
       191    0.333333
       196    0.348535
       201    0.334669
       206    0.331947
       211    0.315485
       216    0.306438
       221    0.303862
       226    0.303748
       231    0.299907
       236    0.302003
       241    0.297271
       246    0.299167
       251    0.304642
       256    0.300877
       261    0.299937
       266    0.303355
       271    0.293101
       276    0.297701
       281    0.291441
       286    0.291055
       291    0.289455
       296    0.289734
       301    0.289480
       306    0.287185
       311    0.286911
       316    0.286498
       321    0.283063
       326    0.285752
       331    0.287077
       336    0.283328
       341    0.291802
       346    0.280594
       351    0.284394
       356    0.285461
       361    0.283285
       366    0.283914
       371    0.282428
       376    0.277821
       381    0.276547
       386    0.275934
       391    0.275399
       396    0.275725
       401    0.275773
       406    0.275714
       411    0.275142
       416    0.274741
       421    0.274636
       426    0.274434
       431    0.274415
       436    0.274409
       441    0.274405
       446    0.274399
       451    0.274398
       456    0.274398

PRECISION-CONFIDENCE CURVE (threshold step 0.05)
================================================
 Threshold   ATTENTIVE      SLEEPY  DISTRACTED
----------------------------------------------
      0.04      0.5385      0.7450      0.5248
      0.05      0.5405      0.7487      0.5362
      0.05      0.5490      0.7487      0.5485
      0.10      0.6018      0.7842      0.6017
      0.10      0.6099      0.7884      0.6042
      0.15      0.6425      0.8305      0.6545
      0.15      0.6425      0.8305      0.6560
      0.20      0.6806      0.8488      0.6990
      0.20      0.6842      0.8488      0.7010
      0.25      0.7011      0.8521      0.7059
      0.25      0.7049      0.8521      0.7081
      0.30      0.7216      0.8727      0.7182
      0.30      0.7216      0.8780      0.7207
      0.31      0.7216      0.8780      0.7247
      0.34      0.7440      0.8758      0.7368
      0.35      0.7425      0.8758      0.7368
      0.35      0.7470      0.8758      0.7353
      0.39      0.7500      0.8797      0.7470
      0.40      0.7500      0.8797      0.7470
      0.40      0.7562      0.8797      0.7470
      0.45      0.7712      0.8831      0.7654
      0.45      0.7697      0.8831      0.7625
      0.50      0.7862      0.8867      0.7838
      0.50      0.7862      0.8867      0.7891
      0.55      0.8296      0.8966      0.8175
      0.55      0.8358      0.8966      0.8175
      0.60      0.8385      0.8966      0.8346
      0.60      0.8450      0.9028      0.8346
      0.61      0.8450      0.9028      0.8346
      0.65      0.8468      0.9155      0.8333
      0.65      0.8468      0.9155      0.8400
      0.66      0.8537      0.9155      0.8455
      0.69      0.8571      0.9143      0.8512
      0.70      0.8571      0.9143      0.8583
      0.70      0.8632      0.9143      0.8583
      0.75      0.8899      0.9254      0.8839
      0.75      0.8899      0.9248      0.8839
      0.80      0.9231      0.9380      0.8932
      0.80      0.9231      0.9380      0.8922
      0.85      0.9405      0.9524      0.8989
      0.85      0.9506      0.9524      0.8989
      0.90      0.9545      0.9655      0.9136
      0.90      0.9531      0.9652      0.9103
      0.95      0.9565      0.9703      0.9167
      0.95      0.9750      0.9697      0.9138
      0.96      0.9737      0.9796      0.9298

RECALL-CONFIDENCE CURVE (threshold step 0.05)
=============================================
 Threshold   ATTENTIVE      SLEEPY  DISTRACTED
----------------------------------------------
      0.04      0.9333      0.9868      0.9801
      0.05      0.9333      0.9868      0.9801
      0.05      0.9333      0.9868      0.9735
      0.10      0.9067      0.9868      0.9603
      0.10      0.9067      0.9868      0.9603
      0.15      0.8867      0.9735      0.9536
      0.15      0.8867      0.9735      0.9470
      0.20      0.8667      0.9669      0.9073
      0.20      0.8667      0.9669      0.9007
      0.25      0.8600      0.9536      0.8742
      0.25      0.8600      0.9536      0.8675
      0.30      0.8467      0.9536      0.8609
      0.30      0.8467      0.9536      0.8543
      0.31      0.8467      0.9536      0.8543
      0.34      0.8333      0.9338      0.8344
      0.35      0.8267      0.9338      0.8344
      0.35      0.8267      0.9338      0.8278
      0.39      0.8200      0.9205      0.8212
      0.40      0.8200      0.9205      0.8212
      0.40      0.8067      0.9205      0.8212
      0.45      0.7867      0.9007      0.8212
      0.45      0.7800      0.9007      0.8079
      0.50      0.7600      0.8808      0.7682
      0.50      0.7600      0.8808      0.7682
      0.55      0.7467      0.8609      0.7417
      0.55      0.7467      0.8609      0.7417
      0.60      0.7267      0.8609      0.7020
      0.60      0.7267      0.8609      0.7020
      0.61      0.7267      0.8609      0.7020
      0.65      0.7000      0.8609      0.6954
      0.65      0.7000      0.8609      0.6954
      0.66      0.7000      0.8609      0.6887
      0.69      0.6800      0.8477      0.6821
      0.70      0.6800      0.8477      0.6821
      0.70      0.6733      0.8477      0.6821
      0.75      0.6467      0.8212      0.6556
      0.75      0.6467      0.8146      0.6556
      0.80      0.6400      0.8013      0.6093
      0.80      0.6400      0.8013      0.6026
      0.85      0.5267      0.7947      0.5298
      0.85      0.5133      0.7947      0.5298
      0.90      0.4200      0.7417      0.4901
      0.90      0.4067      0.7351      0.4702
      0.95      0.2933      0.6490      0.3642
      0.95      0.2600      0.6358      0.3510
      0.96      0.2467      0.6358      0.3510

F1-CONFIDENCE CURVE (threshold step 0.05)
=========================================
 Threshold   ATTENTIVE      SLEEPY  DISTRACTED
----------------------------------------------
      0.04      0.6829      0.8490      0.6836
      0.05      0.6846      0.8514      0.6932
      0.05      0.6914      0.8514      0.7017
      0.10      0.7234      0.8739      0.7398
      0.10      0.7292      0.8765      0.7417
      0.15      0.7451      0.8963      0.7763
      0.15      0.7451      0.8963      0.7751
      0.20      0.7625      0.9040      0.7896
      0.20      0.7647      0.9040      0.7884
      0.25      0.7725      0.9000      0.7811
      0.25      0.7748      0.9000      0.7798
      0.30      0.7791      0.9114      0.7831
      0.30      0.7791      0.9143      0.7818
      0.31      0.7791      0.9143      0.7842
      0.34      0.7862      0.9038      0.7826
      0.35      0.7823      0.9038      0.7826
      0.35      0.7848      0.9038      0.7788
      0.39      0.7834      0.8997      0.7823
      0.40      0.7834      0.8997      0.7823
      0.40      0.7806      0.8997      0.7823
      0.45      0.7789      0.8918      0.7923
      0.45      0.7748      0.8918      0.7846
      0.50      0.7729      0.8837      0.7759
      0.50      0.7729      0.8837      0.7785
      0.55      0.7860      0.8784      0.7778
      0.55      0.7887      0.8784      0.7778
      0.60      0.7786      0.8784      0.7626
      0.60      0.7814      0.8814      0.7626
      0.61      0.7814      0.8814      0.7626
      0.65      0.7664      0.8874      0.7581
      0.65      0.7664      0.8874      0.7609
      0.66      0.7692      0.8874      0.7591
      0.69      0.7584      0.8797      0.7574
      0.70      0.7584      0.8797      0.7601
      0.70      0.7566      0.8797      0.7601
      0.75      0.7490      0.8702      0.7529
      0.75      0.7490      0.8662      0.7529
      0.80      0.7559      0.8643      0.7244
      0.80      0.7559      0.8643      0.7194
      0.85      0.6752      0.8664      0.6667
      0.85      0.6667      0.8664      0.6667
      0.90      0.5833      0.8390      0.6379
      0.90      0.5701      0.8346      0.6201
      0.95      0.4490      0.7778      0.5213
      0.95      0.4105      0.7680      0.5072
      0.96      0.3936      0.7711      0.5096

PRECISION-RECALL CURVE (recall step ~0.05)
==========================================
  Recall ATTENTIVE P    SLEEPY PDISTRACTED P
--------------------------------------------
    0.00      1.0000      1.0000      1.0000
    0.05      1.0000      1.0000      1.0000
    0.10      1.0000      1.0000      0.9375
    0.15      1.0000      1.0000      0.9200
    0.20      1.0000      1.0000      0.9091
    0.25      0.9737      1.0000      0.9268
    0.30      0.9375      1.0000      0.9375
    0.35      0.9455      1.0000      0.9138
    0.40      0.9524      1.0000      0.9231
    0.45      0.9577      1.0000      0.9189
    0.50      0.9615      0.9870      0.9157
    0.55      0.9432      0.9765      0.9022
    0.60      0.9375      0.9785      0.8922
    0.65      0.8909      0.9703      0.8829
    0.70      0.8468      0.9725      0.8346
    0.75      0.8129      0.9658      0.8129
    0.80      0.7547      0.9380      0.7658
    0.85      0.7135      0.9143      0.7273
    0.90      0.6136      0.8774      0.6974
    0.95      0.4846      0.8773      0.6530
    1.00      0.3319      0.3341      0.3341

Average Precision (AP) per class:
  ATTENTIVE   : 0.8737
  SLEEPY      : 0.9658
  DISTRACTED  : 0.8634
