MLP Curve Statistics — MLP_V1 — sampled at intervals of 5
============================================================

TRAINING LOSS CURVE (every 5 iterations)
========================================
 Iteration        Loss
------------------------
         1    1.054073
         6    0.714160
        11    0.583911
        16    0.517803
        21    0.477592
        26    0.444744
        31    0.426070
        36    0.405298
        41    0.380962
        46    0.371941
        51    0.352215
        56    0.344487
        61    0.338180
        66    0.317359
        71    0.313401
        76    0.309461
        77    0.300937

PRECISION-CONFIDENCE CURVE (threshold step 0.05)
================================================
 Threshold   ATTENTIVE      SLEEPY  DISTRACTED
----------------------------------------------
      0.04      0.5053      0.6757      0.5120
      0.05      0.5109      0.6944      0.5192
      0.05      0.5242      0.6977      0.5267
      0.10      0.5600      0.7614      0.5992
      0.10      0.5582      0.7772      0.6068
      0.15      0.6009      0.8132      0.6495
      0.15      0.6062      0.8132      0.6445
      0.20      0.6364      0.8529      0.6839
      0.20      0.6394      0.8529      0.6839
      0.25      0.6751      0.8614      0.7081
      0.25      0.6751      0.8667      0.7081
      0.30      0.7059      0.8820      0.7365
      0.30      0.7097      0.8868      0.7394
      0.31      0.7135      0.8868      0.7394
      0.34      0.7191      0.8868      0.7468
      0.35      0.7191      0.8868      0.7468
      0.35      0.7273      0.8868      0.7468
      0.39      0.7500      0.8868      0.7632
      0.40      0.7500      0.8861      0.7632
      0.40      0.7500      0.8861      0.7718
      0.45      0.7640      0.8910      0.7958
      0.45      0.7640      0.8896      0.8071
      0.50      0.7722      0.9067      0.8134
      0.50      0.7756      0.9067      0.8134
      0.55      0.8067      0.9122      0.8140
      0.55      0.8067      0.9122      0.8203
      0.60      0.8169      0.9172      0.8571
      0.60      0.8156      0.9167      0.8632
      0.61      0.8156      0.9167      0.8632
      0.65      0.8134      0.9155      0.8673
      0.65      0.8134      0.9155      0.8624
      0.66      0.8120      0.9155      0.8624
      0.69      0.8359      0.9275      0.8654
      0.70      0.8492      0.9275      0.8654
      0.70      0.8560      0.9275      0.8641
      0.75      0.8807      0.9248      0.8632
      0.75      0.8879      0.9248      0.8723
      0.80      0.8911      0.9225      0.9070
      0.80      0.8911      0.9219      0.9070
      0.85      0.9157      0.9500      0.9231
      0.85      0.9157      0.9496      0.9231
      0.90      0.9219      0.9554      0.9412
      0.90      0.9167      0.9550      0.9552
      0.95      0.9655      0.9700      0.9636
      0.95      1.0000      0.9697      0.9623
      0.96      1.0000      0.9794      0.9600

RECALL-CONFIDENCE CURVE (threshold step 0.05)
=============================================
 Threshold   ATTENTIVE      SLEEPY  DISTRACTED
----------------------------------------------
      0.04      0.9467      0.9934      0.9868
      0.05      0.9400      0.9934      0.9868
      0.05      0.9400      0.9934      0.9801
      0.10      0.9333      0.9934      0.9404
      0.10      0.9267      0.9934      0.9404
      0.15      0.9133      0.9801      0.9205
      0.15      0.9133      0.9801      0.9007
      0.20      0.8867      0.9603      0.8742
      0.20      0.8867      0.9603      0.8742
      0.25      0.8867      0.9470      0.8675
      0.25      0.8867      0.9470      0.8675
      0.30      0.8800      0.9404      0.8146
      0.30      0.8800      0.9338      0.8079
      0.31      0.8800      0.9338      0.8079
      0.34      0.8533      0.9338      0.7815
      0.35      0.8533      0.9338      0.7815
      0.35      0.8533      0.9338      0.7815
      0.39      0.8400      0.9338      0.7682
      0.40      0.8400      0.9272      0.7682
      0.40      0.8400      0.9272      0.7616
      0.45      0.8200      0.9205      0.7483
      0.45      0.8200      0.9073      0.7483
      0.50      0.8133      0.9007      0.7219
      0.50      0.8067      0.9007      0.7219
      0.55      0.8067      0.8940      0.6954
      0.55      0.8067      0.8940      0.6954
      0.60      0.7733      0.8808      0.6755
      0.60      0.7667      0.8742      0.6689
      0.61      0.7667      0.8742      0.6689
      0.65      0.7267      0.8609      0.6490
      0.65      0.7267      0.8609      0.6225
      0.66      0.7200      0.8609      0.6225
      0.69      0.7133      0.8477      0.5960
      0.70      0.7133      0.8477      0.5960
      0.70      0.7133      0.8477      0.5894
      0.75      0.6400      0.8146      0.5430
      0.75      0.6333      0.8146      0.5430
      0.80      0.6000      0.7881      0.5166
      0.80      0.6000      0.7815      0.5166
      0.85      0.5067      0.7550      0.4768
      0.85      0.5067      0.7483      0.4768
      0.90      0.3933      0.7086      0.4238
      0.90      0.3667      0.7020      0.4238
      0.95      0.1867      0.6424      0.3510
      0.95      0.1667      0.6358      0.3377
      0.96      0.1600      0.6291      0.3179

F1-CONFIDENCE CURVE (threshold step 0.05)
=========================================
 Threshold   ATTENTIVE      SLEEPY  DISTRACTED
----------------------------------------------
      0.04      0.6589      0.8043      0.6742
      0.05      0.6620      0.8174      0.6804
      0.05      0.6730      0.8197      0.6852
      0.10      0.7000      0.8621      0.7320
      0.10      0.6967      0.8721      0.7377
      0.15      0.7249      0.8889      0.7616
      0.15      0.7287      0.8889      0.7514
      0.20      0.7409      0.9034      0.7674
      0.20      0.7430      0.9034      0.7674
      0.25      0.7666      0.9022      0.7798
      0.25      0.7666      0.9051      0.7798
      0.30      0.7834      0.9103      0.7736
      0.30      0.7857      0.9097      0.7722
      0.31      0.7881      0.9097      0.7722
      0.34      0.7805      0.9097      0.7638
      0.35      0.7805      0.9097      0.7638
      0.35      0.7853      0.9097      0.7638
      0.39      0.7925      0.9097      0.7657
      0.40      0.7925      0.9061      0.7657
      0.40      0.7925      0.9061      0.7667
      0.45      0.7910      0.9055      0.7713
      0.45      0.7910      0.8984      0.7766
      0.50      0.7922      0.9037      0.7649
      0.50      0.7908      0.9037      0.7649
      0.55      0.8067      0.9030      0.7500
      0.55      0.8067      0.9030      0.7527
      0.60      0.7945      0.8986      0.7556
      0.60      0.7904      0.8949      0.7537
      0.61      0.7904      0.8949      0.7537
      0.65      0.7676      0.8874      0.7424
      0.65      0.7676      0.8874      0.7231
      0.66      0.7633      0.8874      0.7231
      0.69      0.7698      0.8858      0.7059
      0.70      0.7754      0.8858      0.7059
      0.70      0.7782      0.8858      0.7008
      0.75      0.7413      0.8662      0.6667
      0.75      0.7393      0.8662      0.6694
      0.80      0.7171      0.8500      0.6582
      0.80      0.7171      0.8459      0.6582
      0.85      0.6524      0.8413      0.6288
      0.85      0.6524      0.8370      0.6288
      0.90      0.5514      0.8137      0.5845
      0.90      0.5238      0.8092      0.5872
      0.95      0.3128      0.7729      0.5146
      0.95      0.2857      0.7680      0.5000
      0.96      0.2759      0.7661      0.4776

PRECISION-RECALL CURVE (recall step ~0.05)
==========================================
  Recall ATTENTIVE P    SLEEPY PDISTRACTED P
--------------------------------------------
    0.00      1.0000      1.0000      1.0000
    0.05      1.0000      1.0000      0.8889
    0.10      1.0000      1.0000      0.9375
    0.15      1.0000      0.9583      0.9583
    0.20      0.9677      0.9677      0.9677
    0.25      0.9737      0.9744      0.9744
    0.30      0.9574      0.9783      0.9574
    0.35      0.9123      0.9815      0.9636
    0.40      0.9091      0.9836      0.9524
    0.45      0.9189      0.9855      0.9444
    0.50      0.9146      0.9870      0.9048
    0.55      0.8925      0.9881      0.8557
    0.60      0.8911      0.9785      0.8667
    0.65      0.8829      0.9608      0.8673
    0.70      0.8607      0.9550      0.8154
    0.75      0.8129      0.9496      0.7958
    0.80      0.8108      0.9237      0.7469
    0.85      0.7341      0.9275      0.7273
    0.90      0.6109      0.8947      0.6445
    0.95      0.4948      0.8614      0.5861
    1.00      0.3319      0.3341      0.3341

Average Precision (AP) per class:
  ATTENTIVE   : 0.8637
  SLEEPY      : 0.9569
  DISTRACTED  : 0.8556
